eye_on_hand_calibrate:
  tf0_0: 0.01755135358795756
  tf0_1: 0.9993630152662616
  tf0_2: -0.03107271641096546
  tf0_3: -0.001831099764106014
  tf1_0: -0.004955493903915364
  tf1_1: 0.03116406879611633
  tf1_2: 0.9995019979450962
  tf1_3: 0.05687396342138846
  tf2_0: 0.9998336827029777
  tf2_1: -0.01738863232105169
  tf2_2: 0.005499308920630663
  tf2_3: -0.1360474796014669
  tf3_0: 0
  tf3_1: 0
  tf3_2: 0
  tf3_3: 1
arm_massage_prepare:
  joint0: 0.0
  joint1: 22.0
  joint2: -105.0
  joint3: 0.0
  joint4: -67.0
  joint5: 0.0

arm_side_lying_prepare:
  joint0: 0.821
  joint1: -123.523003
  joint2: 128.481995
  joint3: 89.742996
  joint4: 87.301003
  joint5: -16.316
